%YYMM   CRD 
1961.01    8220.00     1961.00 
1961.02   10100.00     1961.08 
1961.03   21400.00     1961.17 
1961.04   27600.00     1961.25 
1961.05   34200.00     1961.33 
1961.06   39400.00     1961.42 
1961.07   41200.00     1961.50 
1961.08   36800.00     1961.58 
1961.09   41200.00     1961.67 
1961.10   30300.00     1961.75 
1961.11   28500.00     1961.83 
1961.12   19500.00     1961.92 
1962.01   11200.00     1962.00 
1962.02    8610.00     1962.08 
1962.03   11000.00     1962.17 
1962.04   20500.00     1962.25 
1962.05   34300.00     1962.33 
1962.06   46500.00     1962.42 
1962.07   61500.00     1962.50 
1962.08   46900.00     1962.58 
1962.09   45000.00     1962.67 
1962.10   33500.00     1962.75 
1962.11   23000.00     1962.83 
1962.12   14400.00     1962.92 
1963.01    8800.00     1963.00 
1963.02    6730.00     1963.08 
1963.03    7980.00     1963.17 
1963.04   12800.00     1963.25 
1963.05   35500.00     1963.33 
1963.06   34100.00     1963.42 
1963.07   34200.00     1963.50 
1963.08   38300.00     1963.58 
1963.09   39900.00     1963.67 
1963.10   34400.00     1963.75 
1963.11   22300.00     1963.83 
1963.12   16600.00     1963.92 
1964.01   11600.00     1964.00 
1964.02   12800.00     1964.08 
1964.03   19000.00     1964.17 
1964.04   29500.00     1964.25 
1964.05   39800.00     1964.33 
1964.06   41500.00     1964.42 
1964.07   55900.00     1964.50 
1964.08   42900.00     1964.58 
1964.09   42900.00     1964.67 
1964.10   49700.00     1964.75 
1964.11   33700.00     1964.83 
1964.12   14000.00     1964.92 
1965.01    9110.00     1965.00 
1965.02    8710.00     1965.08 
1965.03    9240.00     1965.17 
1965.04   20400.00     1965.25 
1965.05   34100.00     1965.33 
1965.06   33900.00     1965.42 
1965.07   44900.00     1965.50 
1965.08   44800.00     1965.58 
1965.09   42300.00     1965.67 
1965.10   39300.00     1965.75 
1965.11   28300.00     1965.83 
1965.12   16600.00     1965.92 
1966.01   12900.00     1966.00 
1966.02   11800.00     1966.08 
1966.03   12200.00     1966.17 
1966.04   24200.00     1966.25 
1966.05   24600.00     1966.33 
1966.06   29700.00     1966.42 
1966.07   47900.00     1966.50 
1966.08   37800.00     1966.58 
1966.09   36500.00     1966.67 
1966.10   27800.00     1966.75 
1966.11   18600.00     1966.83 
1966.12    9990.00     1966.92 
1967.01    7880.00     1967.00 
1967.02    8760.00     1967.08 
1967.03   14400.00     1967.17 
1967.04   25700.00     1967.25 
1967.05   44300.00     1967.33 
1967.06   47700.00     1967.42 
1967.07   52000.00     1967.50 
1967.08   35600.00     1967.58 
1967.09   31500.00     1967.67 
1967.10   30200.00     1967.75 
1967.11   21600.00     1967.83 
1967.12   17000.00     1967.92 
1968.01    8880.00     1968.00 
1968.02    8510.00     1968.08 
1968.03   12600.00     1968.17 
1968.04   28700.00     1968.25 
1968.05   32300.00     1968.33 
1968.06   32700.00     1968.42 
1968.07   62200.00     1968.50 
1968.08   49400.00     1968.58 
1968.09   44500.00     1968.67 
1968.10   41600.00     1968.75 
1968.11   23000.00     1968.83 
1968.12   12800.00     1968.92 
1969.01   12300.00     1969.00 
1969.02   12400.00     1969.08 
1969.03   13000.00     1969.17 
1969.04   18000.00     1969.25 
1969.05   30300.00     1969.33 
1969.06   27200.00     1969.42 
1969.07   58300.00     1969.50 
1969.08   47500.00     1969.58 
1969.09   42300.00     1969.67 
1969.10   32300.00     1969.75 
1969.11   25300.00     1969.83 
1969.12   12100.00     1969.92 
1970.01    8340.00     1970.00 
1970.02    8940.00     1970.08 
1970.03   16700.00     1970.17 
1970.04   28800.00     1970.25 
1970.05   48200.00     1970.33 
1970.06   48000.00     1970.42 
1970.07   51800.00     1970.50 
1970.08   48100.00     1970.58 
1970.09   37300.00     1970.67 
1970.10   38500.00     1970.75 
1970.11   23100.00     1970.83 
1970.12   17800.00     1970.92 
1971.01   11600.00     1971.00 
1971.02   11000.00     1971.08 
1971.03   13900.00     1971.17 
1971.04   17200.00     1971.25 
1971.05   24400.00     1971.33 
1971.06   49600.00     1971.42 
1971.07   38400.00     1971.50 
1971.08   25900.00     1971.58 
1971.09   28600.00     1971.67 
1971.10   28800.00     1971.75 
1971.11   18900.00     1971.83 
1971.12    9180.00     1971.92 
1972.01    7780.00     1972.00 
1972.02    9550.00     1972.08 
1972.03   12000.00     1972.17 
1972.04   18700.00     1972.25 
1972.05   31100.00     1972.33 
1972.06   32700.00     1972.42 
1972.07   32800.00     1972.50 
1972.08   28000.00     1972.58 
1972.09   21600.00     1972.67 
1972.10   27200.00     1972.75 
1972.11   27100.00     1972.83 
1972.12   15800.00     1972.92 
1973.01   14000.00     1973.00 
1973.02   14900.00     1973.08 
1973.03   19000.00     1973.17 
1973.04   31500.00     1973.25 
1973.05   48600.00     1973.33 
1973.06   54600.00     1973.42 
1973.07   61500.00     1973.50 
1973.08   43200.00     1973.58 
1973.09   42500.00     1973.67 
1973.10   42100.00     1973.75 
1973.11   23500.00     1973.83 
1973.12   11900.00     1973.92 
1974.01    8820.00     1974.00 
1974.02   12600.00     1974.08 
1974.03   10600.00     1974.17 
1974.04   13900.00     1974.25 
1974.05   29700.00     1974.33 
1974.06   29000.00     1974.42 
1974.07   53400.00     1974.50 
1974.08   46900.00     1974.58 
1974.09   42200.00     1974.67 
1974.10   38700.00     1974.75 
1974.11   19600.00     1974.83 
1974.12   12400.00     1974.92 
1975.01   10900.00     1975.00 
1975.02   12700.00     1975.08 
1975.03   16500.00     1975.17 
1975.04   25200.00     1975.25 
1975.05   51800.00     1975.33 
1975.06   50200.00     1975.42 
1975.07   46700.00     1975.50 
1975.08   43000.00     1975.58 
1975.09   35200.00     1975.67 
1975.10   39300.00     1975.75 
1975.11   30400.00     1975.83 
1975.12   20000.00     1975.92 
1976.01   10800.00     1976.00 
1976.02    9670.00     1976.08 
1976.03   16000.00     1976.17 
1976.04   25100.00     1976.25 
1976.05   33300.00     1976.33 
1976.06   42300.00     1976.42 
1976.07   54500.00     1976.50 
1976.08   36300.00     1976.58 
1976.09   29800.00     1976.67 
1976.10   25700.00     1976.75 
1976.11   23300.00     1976.83 
1976.12   12100.00     1976.92 
1977.01    9280.00     1977.00 
1977.02    9900.00     1977.08 
1977.03   10200.00     1977.17 
1977.04   28000.00     1977.25 
1977.05   45400.00     1977.33 
1977.06   52400.00     1977.42 
1977.07   54100.00     1977.50 
1977.08   44500.00     1977.58 
1977.09   32600.00     1977.67 
1977.10   26400.00     1977.75 
1977.11   22100.00     1977.83 
1977.12   11700.00     1977.92 
1978.01   11300.00     1978.00 
1978.02    9790.00     1978.08 
1978.03    9930.00     1978.17 
1978.04   16700.00     1978.25 
1978.05   26800.00     1978.33 
1978.06   41800.00     1978.42 
1978.07   38200.00     1978.50 
1978.08   30100.00     1978.58 
1978.09   25900.00     1978.67 
1978.10   18700.00     1978.75 
1978.11   15800.00     1978.83 
1978.12   11500.00     1978.92 
1979.01    7220.00     1979.00 
1979.02    7670.00     1979.08 
1979.03   10400.00     1979.17 
1979.04   14800.00     1979.25 
1979.05   24300.00     1979.33 
1979.06   29200.00     1979.42 
1979.07   42400.00     1979.50 
1979.08   36800.00     1979.58 
1979.09   43800.00     1979.67 
1979.10   37200.00     1979.75 
1979.11   16200.00     1979.83 
1979.12    9560.00     1979.92 
1980.01    8150.00     1980.00 
1980.02    8190.00     1980.08 
1980.03   19100.00     1980.17 
1980.04   23000.00     1980.25 
1980.05   38600.00     1980.33 
1980.06   38400.00     1980.42 
1980.07   50400.00     1980.50 
1980.08   57500.00     1980.58 
1980.09   54800.00     1980.67 
1980.10   39000.00     1980.75 
1980.11   26900.00     1980.83 
1980.12   13300.00     1980.92 
1981.01    9450.00     1981.00 
1981.02   10400.00     1981.08 
1981.03   15500.00     1981.17 
1981.04   36700.00     1981.25 
1981.05   28400.00     1981.33 
1981.06   32300.00     1981.42 
1981.07   45300.00     1981.50 
1981.08   40700.00     1981.58 
1981.09   42300.00     1981.67 
1981.10   32700.00     1981.75 
1981.11   24500.00     1981.83 
1981.12   15000.00     1981.92 
1982.01    9120.00     1982.00 
1982.02   13500.00     1982.08 
1982.03   20500.00     1982.17 
1982.04   21900.00     1982.25 
1982.05   24500.00     1982.33 
1982.06   39900.00     1982.42 
1982.07   46000.00     1982.50 
1982.08   49900.00     1982.58 
1982.09   45900.00     1982.67 
1982.10   40400.00     1982.75 
1982.11   28100.00     1982.83 
1982.12   23100.00     1982.92 
1983.01   13500.00     1983.00 
1983.02   14100.00     1983.08 
1983.03   22600.00     1983.17 
1983.04   27600.00     1983.25 
1983.05   39200.00     1983.33 
1983.06   45400.00     1983.42 
1983.07   66200.00     1983.50 
1983.08   53500.00     1983.58 
1983.09   46600.00     1983.67 
1983.10   45500.00     1983.75 
1983.11   32400.00     1983.83 
1983.12   14000.00     1983.92 
1984.01    9640.00     1984.00 
1984.02    9300.00     1984.08 
1984.03    9690.00     1984.17 
1984.04   26300.00     1984.25 
1984.05   30200.00     1984.33 
1984.06   44500.00     1984.42 
1984.07   49100.00     1984.50 
1984.08   45200.00     1984.58 
1984.09   38500.00     1984.67 
1984.10   36000.00     1984.75 
1984.11   18700.00     1984.83 
1984.12   13900.00     1984.92 
1985.01   11100.00     1985.00 
1985.02   13400.00     1985.08 
1985.03   25100.00     1985.17 
1985.04   24400.00     1985.25 
1985.05   26600.00     1985.33 
1985.06   36600.00     1985.42 
1985.07   42800.00     1985.50 
1985.08   34000.00     1985.58 
1985.09   34600.00     1985.67 
1985.10   31000.00     1985.75 
1985.11   19700.00     1985.83 
1985.12   13100.00     1985.92 
1986.01    9520.00     1986.00 
1986.02    9150.00     1986.08 
1986.03   11900.00     1986.17 
1986.04   19700.00     1986.25 
1986.05   23900.00     1986.33 
1986.06   30000.00     1986.42 
1986.07   47300.00     1986.50 
1986.08   34000.00     1986.58 
1986.09   29900.00     1986.67 
1986.10   25200.00     1986.75 
1986.11   18600.00     1986.83 
1986.12   11600.00     1986.92 
1987.01    9290.00     1987.00 
1987.02    7600.00     1987.08 
1987.03   10500.00     1987.17 
1987.04   21000.00     1987.25 
1987.05   25200.00     1987.33 
1987.06   30400.00     1987.42 
1987.07   48000.00     1987.50 
1987.08   46200.00     1987.58 
1987.09   41200.00     1987.67 
1987.10   35500.00     1987.75 
1987.11   27000.00     1987.83 
1987.12   15200.00     1987.92 
1988.01    9950.00     1988.00 
1988.02   10300.00     1988.08 
1988.03   19200.00     1988.17 
1988.04   22600.00     1988.25 
1988.05   27000.00     1988.33 
1988.06   32600.00     1988.42 
1988.07   34900.00     1988.50 
1988.08   34500.00     1988.58 
1988.09   57000.00     1988.67 
1988.10   37600.00     1988.75 
1988.11   19600.00     1988.83 
1988.12   10300.00     1988.92 
1989.01   11758.00     1989.00 
1989.02   14025.00     1989.08 
1989.03   18200.00     1989.17 
1989.04   30467.00     1989.25 
1989.05   38067.00     1989.33 
1989.06   40160.00     1989.42 
1989.07   54380.00     1989.50 
1989.08   42825.00     1989.58 
1989.09   42420.00     1989.67 
1989.10   33425.00     1989.75 
1989.11   27900.00     1989.83 
1989.12   15225.00     1989.92 
1990.01   12380.00     1990.00 
1990.02   17283.00     1990.08 
1990.03   23350.00     1990.17 
1990.04   28160.00     1990.25 
1990.05   31267.00     1990.33 
1990.06   41914.00     1990.42 
1990.07   53114.00     1990.50 
1990.08   39667.00     1990.58 
1990.09   31867.00     1990.67 
1990.10   29260.00     1990.75 
1990.11   24325.00     1990.83 
1990.12   14780.00     1990.92 
1991.01   13800.00     1991.00 
1991.02   18800.00     1991.08 
1991.03   20200.00     1991.17 
1991.04   31000.00     1991.25 
1991.05   33400.00     1991.33 
1991.06   37700.00     1991.42 
1991.07   54200.00     1991.50 
1991.08   48600.00     1991.58 
1991.09   39500.00     1991.67 
1991.10   27900.00     1991.75 
1991.11   16400.00     1991.83 
1991.12   11200.00     1991.92 
1992.01   10900.00     1992.00 
1992.02   12100.00     1992.08 
1992.03   23000.00     1992.17 
1992.04   39500.00     1992.25 
1992.05   39100.00     1992.33 
1992.06   40700.00     1992.42 
1992.07   59900.00     1992.50 
1992.08   35300.00     1992.58 
1992.09   23300.00     1992.67 
1992.10   22200.00     1992.75 
1992.11   13700.00     1992.83 
1992.12    9260.00     1992.92 
1993.01   10500.00     1993.00 
1993.02    9630.00     1993.08 
1993.03   16500.00     1993.17 
1993.04   20400.00     1993.25 
1993.05   29700.00     1993.33 
1993.06   36800.00     1993.42 
1993.07   56200.00     1993.50 
1993.08   57100.00     1993.58 
1993.09   53800.00     1993.67 
1993.10   35200.00     1993.75 
1993.11   26000.00     1993.83 
1993.12   18200.00     1993.92 
1994.01   11900.00     1994.00 
1994.02   13300.00     1994.08 
1994.03   16400.00     1994.17 
1994.04   25200.00     1994.25 
1994.05   32300.00     1994.33 
1994.06   43400.00     1994.42 
1994.07   44800.00     1994.50 
1994.08   34600.00     1994.58 
1994.09   30900.00     1994.67 
1994.10   32100.00     1994.75 
1994.11   19600.00     1994.83 
1994.12   19100.00     1994.92 
1995.01   16900.00     1995.00 
1995.02   15900.00     1995.08 
1995.03   19400.00     1995.17 
1995.04   24300.00     1995.25 
1995.05   34400.00     1995.33 
1995.06   53500.00     1995.42 
1995.07   66000.00     1995.50 
1995.08   45000.00     1995.58 
1995.09   34700.00     1995.67 
1995.10   29700.00     1995.75 
1995.11   19600.00     1995.83 
1995.12   12100.00     1995.92 
1996.01   10700.00     1996.00 
1996.02   10700.00     1996.08 
1996.03   11600.00     1996.17 
1996.04   26100.00     1996.25 
1996.05   25500.00     1996.33 
1996.06   40700.00     1996.42 
1996.07   63300.00     1996.50 
1996.08   63500.00     1996.58 
1996.09   42200.00     1996.67 
1996.10   28300.00     1996.75 
1996.11   23500.00     1996.83 
1996.12   14100.00     1996.92 
1997.01   10500.00     1997.00 
1997.02   13800.00     1997.08 
1997.03   14900.00     1997.17 
1997.04   25900.00     1997.25 
1997.05   29900.00     1997.33 
1997.06   34100.00     1997.42 
1997.07   52400.00     1997.50 
1997.08   45800.00     1997.58 
1997.09   29200.00     1997.67 
1997.10   26900.00     1997.75 
1997.11   18000.00     1997.83 
1997.12   20600.00     1997.92 
1998.01   24700.00     1998.00 
1998.02   22500.00     1998.08 
1998.03   32500.00     1998.17 
1998.04   29300.00     1998.25 
1998.05   32900.00     1998.33 
1998.06   45700.00     1998.42 
1998.07   75000.00     1998.50 
1998.08   77100.00     1998.58 
1998.09   63800.00     1998.67 
1998.10   38000.00     1998.75 
1998.11   19000.00     1998.83 
1998.12   11300.00     1998.92 
1999.01    9480.00     1999.00 
1999.02    9110.00     1999.08 
1999.03   10300.00     1999.17 
1999.04   20300.00     1999.25 
1999.05   34000.00     1999.33 
1999.06   42000.00     1999.42 
1999.07   73900.00     1999.50 
1999.08   60100.00     1999.58 
1999.09   56400.00     1999.67 
1999.10   37100.00     1999.75 
1999.11   24900.00     1999.83 
1999.12   15400.00     1999.92 
2000.01   12800.00     2000.00 
2000.02   12300.00     2000.08 
2000.03   19600.00     2000.17 
2000.04   22300.00     2000.25 
2000.05   22600.00     2000.33 
2000.06   39000.00     2000.42 
2000.07   50800.00     2000.50 
2000.08   39500.00     2000.58 
2000.09   42200.00     2000.67 
2000.10   38700.00     2000.75 
2000.11   32800.00     2000.83 
2000.12   18600.00     2000.92 
2001.01   15519.00     2001.00 
2001.02   17207.00     2001.08 
2001.03   15261.00     2001.17 
2001.04   23060.00     2001.25 
2001.05   34054.00     2001.33 
2001.06   35666.00     2001.42 
2001.07   39919.00     2001.50 
2001.08   30396.00     2001.58 
2001.09   36516.00     2001.67 
2001.10   30403.00     2001.75 
2001.11   21930.00     2001.83 
2001.12   13512.00     2001.92 
2002.01   10163.00     2002.00 
2002.02   10687.00     2002.08 
2002.03   18000.00     2002.17 
2002.04   22596.00     2002.25 
2002.05   49129.00     2002.33 
2002.06   45260.00     2002.42 
2002.07   54445.00     2002.50 
2002.08   53651.00     2002.58 
2002.09   44293.00     2002.67 
2002.10   23958.00     2002.75 
2002.11   24703.00     2002.83 
2002.12   19158.00     2002.92 
2003.01   17500.00     2003.00 
2003.02   17221.00     2003.08 
2003.03   23070.00     2003.17 
2003.04   25090.00     2003.25 
2003.05   38229.00     2003.33 
2003.06   37090.00     2003.42 
2003.07   55109.00     2003.50 
2003.08   38112.00     2003.58 
2003.09   40156.00     2003.67 
2003.10   31977.00     2003.75 
2003.11   15756.00     2003.83 
2003.12   11438.00     2003.92 
2004.01   10305.00     2004.00 
2004.02    9253.00     2004.08 
2004.03   13959.00     2004.17 
2004.04   18406.00     2004.25 
2004.05   30096.00     2004.33 
2004.06   35286.00     2004.42 
2004.07   42245.00     2004.50 
2004.08   40290.00     2004.58 
2004.09   38296.00     2004.67 
2004.10   29283.00     2004.75 
2004.11   18263.00     2004.83 
2004.12   13493.00     2004.92 
2005.01   11824.00     2005.00 
2005.02   19471.00     2005.08 
2005.03   19361.00     2005.17 
2005.04   19527.00     2005.25 
2005.05   30313.00     2005.33 
2005.06   46350.00     2005.42 
2005.07   40106.00     2005.50 
2005.08   41000.00     2005.58 
2005.09   48240.00     2005.67 
2005.10   31414.00     2005.75 
2005.11   23785.00     2005.83 
2005.12   14007.00     2005.92 
2006.01   11449.00     2006.00 
2006.02   11637.00     2006.08 
2006.03   21160.00     2006.17 
2006.04   23882.00     2006.25 
2006.05   30690.00     2006.33 
2006.06   38534.00     2006.42 
2006.07   37277.00     2006.50 
2006.08   27429.00     2006.58 
2006.09   25038.00     2006.67 
2006.10   18606.00     2006.75 
2006.11   13642.00     2006.83 
2006.12   13929.00     2006.92 
2007.01   10487.00     2007.00 
2007.02   11679.00     2007.08 
2007.03   17794.00     2007.17 
2007.04   17194.00     2007.25 
2007.05   20392.00     2007.33 
2007.06   31207.00     2007.42 
2007.07   42982.00     2007.50 
2007.08   47829.00     2007.58 
2007.09   40920.00     2007.67 
2007.10   26094.00     2007.75 
2007.11   15213.00     2007.83 
2007.12   11103.00     2007.92 
2008.01   10778.00     2008.00 
2008.02   11962.00     2008.08 
2008.03   12516.00     2008.17 
2008.04   24277.00     2008.25 
2008.05   24990.00     2008.33 
2008.06   33730.00     2008.42 
2008.07   37077.00     2008.50 
2008.08   39997.00     2008.58 
2008.09   43870.00     2008.67 
2008.10   27516.00     2008.75 
2008.11   29350.00     2008.83 
2008.12   17394.00     2008.92 
2009.01   11855.00     2009.00 
2009.02   11829.00     2009.08 
2009.03   23742.00     2009.17 
2009.04   22817.00     2009.25 
2009.05   32297.00     2009.33 
2009.06   35967.00     2009.42 
2009.07   40142.00     2009.50 
2009.08   42442.00     2009.58 
2009.09   32510.00     2009.67 
2009.10   17560.00     2009.75 
2009.11   13923.00     2009.83 
2009.12   12590.00     2009.92 
2010.01   12054.00     2010.00 
2010.02   15457.00     2010.08 
2010.03   20474.00     2010.17 
2010.04   30330.00     2010.25 
2010.05   39929.00     2010.33 
2010.06   50230.00     2010.42 
2010.07   61270.00     2010.50 
2010.08   51264.00     2010.58 
2010.09   41953.00     2010.67 
2010.10   30819.00     2010.75 
2010.11   18040.00     2010.83 
2010.12   15100.00     2010.92 
2011.01   15456.00     2011.00
2011.02   13984.00     2011.08
2011.03   14502.00     2011.17
2011.04   16000.00     2011.25
2011.05   16531.00     2011.33
2011.06   33657.00     2011.42
2011.07   37023.00     2011.50
2011.08   30063.00     2011.58
2011.09   23118.00     2011.67
2011.10   20748.00     2011.75
2011.11   18962.00     2011.83
2011.12   13984.00     2011.92
2012.01   11600.00     2012.00
2012.02   14900.00     2012.08
2012.03   16100.00     2012.17
2012.04   20200.00     2012.25
2012.05   38800.00     2012.33
2012.06   47600.00     2012.42
2012.07   49000.00     2012.50
2012.08   57600.00     2012.58
2012.09   41000.00     2012.67
2012.10   27900.00     2012.75
2012.11   19400.00     2012.83
2012.12   20700.00     2012.92
2013.01   19600.00     2013.00
2013.02   15400.00     2013.08
2013.03   20800.00     2013.17
2013.04   26200.00     2013.25
2013.05   26600.00     2013.33
2013.06   40800.00     2013.42
2013.07   41700.00     2013.50
2013.08   36500.00     2013.58
2013.09   28700.00     2013.67
2013.10   28000.00     2013.75
2013.11   13800.00     2013.83
2013.12   12600.00     2013.92
2014.01   11400.00     2014.00
2014.02    9730.00      2014.08
2014.03   17893.00     2014.17
2014.04   21818.00     2014.25
2014.05   37425.00     2014.33
2014.06   39721.00     2014.42
2014.07   48761.00     2014.50
2014.08   41893.00     2014.58
2014.09   41177.00     2014.67
2014.10   30243.00     2014.75
2014.11   23535.00     2014.83
2014.12   17384.00     2014.92
2015.01   11988.00     2015.00
2015.02   11876.00     2015.08
2015.03   20821.00     2015.17
2015.04   26687.00     2015.25
2015.05   31768.00     2015.33
2015.06   50106.00     2015.42
2015.07   49522.00     2015.50
2015.08   32727.00     2015.58
2015.09   30365.00     2015.67
2015.10   26932.00     2015.75
2015.11   25583.00     2015.83
2015.12   25766.00     2015.92
2016.01   20663.00     2016.00
2016.02   20484.00     2016.08
2016.03   21166.00     2016.17
2016.04   34317.00     2016.25
2016.05   47092.00     2016.33
2016.06   49747.00     2016.42
2016.07   65558.00     2016.50
2016.08   51090.00     2016.58
2016.09   26516.00     2016.67
2016.10   18181.00     2016.75
2016.11   21645.00     2016.83
2016.12   16980.00     2016.92
2017.01   16538.00     2017.00
2017.02   13340.00     2017.08
2017.03   20955.00     2017.17
2017.04   31830.00     2017.25
2017.05   29142.00     2017.33
2017.06   36889.00     2017.42
2017.07   59172.00     2017.50
2017.08   38485.00     2017.58
2017.09   31001.00     2017.67
2017.10   35076.00     2017.75
2017.11   21284.00     2017.83
2017.12   14153.00     2017.92
2018.01   14066.00     2018.00
2018.02   15167.00     2018.08
2018.03   17795.00     2018.17
2018.04   19818.00     2018.25
2018.05   28168.00     2018.33
2018.06   33910.00     2018.42
2018.07   31900.00     2018.50
2018.08   41400.00     2018.58
2018.09   33400.00     2018.67
2018.10   23600.00     2018.75
2018.11   18600.00     2018.83
2018.12   19400.00     2018.92

