%YYMM   CRD 
1961.01    8220.00 
1961.02   10100.00 
1961.03   21400.00 
1961.04   27600.00 
1961.05   34200.00 
1961.06   39400.00 
1961.07   41200.00 
1961.08   36800.00 
1961.09   41200.00 
1961.10   30300.00 
1961.11   28500.00 
1961.12   19500.00 
1962.01   11200.00 
1962.02    8610.00 
1962.03   11000.00 
1962.04   20500.00 
1962.05   34300.00 
1962.06   46500.00 
1962.07   61500.00 
1962.08   46900.00 
1962.09   45000.00 
1962.10   33500.00 
1962.11   23000.00 
1962.12   14400.00 
1963.01    8800.00 
1963.02    6730.00 
1963.03    7980.00 
1963.04   12800.00 
1963.05   35500.00 
1963.06   34100.00 
1963.07   34200.00 
1963.08   38300.00 
1963.09   39900.00 
1963.10   34400.00 
1963.11   22300.00 
1963.12   16600.00 
1964.01   11600.00 
1964.02   12800.00 
1964.03   19000.00 
1964.04   29500.00 
1964.05   39800.00 
1964.06   41500.00 
1964.07   55900.00 
1964.08   42900.00 
1964.09   42900.00 
1964.10   49700.00 
1964.11   33700.00 
1964.12   14000.00 
1965.01    9110.00 
1965.02    8710.00 
1965.03    9240.00 
1965.04   20400.00 
1965.05   34100.00 
1965.06   33900.00 
1965.07   44900.00 
1965.08   44800.00 
1965.09   42300.00 
1965.10   39300.00 
1965.11   28300.00 
1965.12   16600.00 
1966.01   12900.00 
1966.02   11800.00 
1966.03   12200.00 
1966.04   24200.00 
1966.05   24600.00 
1966.06   29700.00 
1966.07   47900.00 
1966.08   37800.00 
1966.09   36500.00 
1966.10   27800.00 
1966.11   18600.00 
1966.12    9990.00 
1967.01    7880.00 
1967.02    8760.00 
1967.03   14400.00 
1967.04   25700.00 
1967.05   44300.00 
1967.06   47700.00 
1967.07   52000.00 
1967.08   35600.00 
1967.09   31500.00 
1967.10   30200.00 
1967.11   21600.00 
1967.12   17000.00 
1968.01    8880.00 
1968.02    8510.00 
1968.03   12600.00 
1968.04   28700.00 
1968.05   32300.00 
1968.06   32700.00 
1968.07   62200.00 
1968.08   49400.00 
1968.09   44500.00 
1968.10   41600.00 
1968.11   23000.00 
1968.12   12800.00 
1969.01   12300.00 
1969.02   12400.00 
1969.03   13000.00 
1969.04   18000.00 
1969.05   30300.00 
1969.06   27200.00 
1969.07   58300.00 
1969.08   47500.00 
1969.09   42300.00 
1969.10   32300.00 
1969.11   25300.00 
1969.12   12100.00 
1970.01    8340.00 
1970.02    8940.00 
1970.03   16700.00 
1970.04   28800.00 
1970.05   48200.00 
1970.06   48000.00 
1970.07   51800.00 
1970.08   48100.00 
1970.09   37300.00 
1970.10   38500.00 
1970.11   23100.00 
1970.12   17800.00 
1971.01   11600.00 
1971.02   11000.00 
1971.03   13900.00 
1971.04   17200.00 
1971.05   24400.00 
1971.06   49600.00 
1971.07   38400.00 
1971.08   25900.00 
1971.09   28600.00 
1971.10   28800.00 
1971.11   18900.00 
1971.12    9180.00 
1972.01    7780.00 
1972.02    9550.00 
1972.03   12000.00 
1972.04   18700.00 
1972.05   31100.00 
1972.06   32700.00 
1972.07   32800.00 
1972.08   28000.00 
1972.09   21600.00 
1972.10   27200.00 
1972.11   27100.00 
1972.12   15800.00 
1973.01   14000.00 
1973.02   14900.00 
1973.03   19000.00 
1973.04   31500.00 
1973.05   48600.00 
1973.06   54600.00 
1973.07   61500.00 
1973.08   43200.00 
1973.09   42500.00 
1973.10   42100.00 
1973.11   23500.00 
1973.12   11900.00 
1974.01    8820.00 
1974.02   12600.00 
1974.03   10600.00 
1974.04   13900.00 
1974.05   29700.00 
1974.06   29000.00 
1974.07   53400.00 
1974.08   46900.00 
1974.09   42200.00 
1974.10   38700.00 
1974.11   19600.00 
1974.12   12400.00 
1975.01   10900.00 
1975.02   12700.00 
1975.03   16500.00 
1975.04   25200.00 
1975.05   51800.00 
1975.06   50200.00 
1975.07   46700.00 
1975.08   43000.00 
1975.09   35200.00 
1975.10   39300.00 
1975.11   30400.00 
1975.12   20000.00 
1976.01   10800.00 
1976.02    9670.00 
1976.03   16000.00 
1976.04   25100.00 
1976.05   33300.00 
1976.06   42300.00 
1976.07   54500.00 
1976.08   36300.00 
1976.09   29800.00 
1976.10   25700.00 
1976.11   23300.00 
1976.12   12100.00 
1977.01    9280.00 
1977.02    9900.00 
1977.03   10200.00 
1977.04   28000.00 
1977.05   45400.00 
1977.06   52400.00 
1977.07   54100.00 
1977.08   44500.00 
1977.09   32600.00 
1977.10   26400.00 
1977.11   22100.00 
1977.12   11700.00 
1978.01   11300.00 
1978.02    9790.00 
1978.03    9930.00 
1978.04   16700.00 
1978.05   26800.00 
1978.06   41800.00 
1978.07   38200.00 
1978.08   30100.00 
1978.09   25900.00 
1978.10   18700.00 
1978.11   15800.00 
1978.12   11500.00 
1979.01    7220.00 
1979.02    7670.00 
1979.03   10400.00 
1979.04   14800.00 
1979.05   24300.00 
1979.06   29200.00 
1979.07   42400.00 
1979.08   36800.00 
1979.09   43800.00 
1979.10   37200.00 
1979.11   16200.00 
1979.12    9560.00 
1980.01    8150.00 
1980.02    8190.00 
1980.03   19100.00 
1980.04   23000.00 
1980.05   38600.00 
1980.06   38400.00 
1980.07   50400.00 
1980.08   57500.00 
1980.09   54800.00 
1980.10   39000.00 
1980.11   26900.00 
1980.12   13300.00 
1981.01    9450.00 
1981.02   10400.00 
1981.03   15500.00 
1981.04   36700.00 
1981.05   28400.00 
1981.06   32300.00 
1981.07   45300.00 
1981.08   40700.00 
1981.09   42300.00 
1981.10   32700.00 
1981.11   24500.00 
1981.12   15000.00 
1982.01    9120.00 
1982.02   13500.00 
1982.03   20500.00 
1982.04   21900.00 
1982.05   24500.00 
1982.06   39900.00 
1982.07   46000.00 
1982.08   49900.00 
1982.09   45900.00 
1982.10   40400.00 
1982.11   28100.00 
1982.12   23100.00 
1983.01   13500.00 
1983.02   14100.00 
1983.03   22600.00 
1983.04   27600.00 
1983.05   39200.00 
1983.06   45400.00 
1983.07   66200.00 
1983.08   53500.00 
1983.09   46600.00 
1983.10   45500.00 
1983.11   32400.00 
1983.12   14000.00 
1984.01    9640.00 
1984.02    9300.00 
1984.03    9690.00 
1984.04   26300.00 
1984.05   30200.00 
1984.06   44500.00 
1984.07   49100.00 
1984.08   45200.00 
1984.09   38500.00 
1984.10   36000.00 
1984.11   18700.00 
1984.12   13900.00 
1985.01   11100.00 
1985.02   13400.00 
1985.03   25100.00 
1985.04   24400.00 
1985.05   26600.00 
1985.06   36600.00 
1985.07   42800.00 
1985.08   34000.00 
1985.09   34600.00 
1985.10   31000.00 
1985.11   19700.00 
1985.12   13100.00 
1986.01    9520.00 
1986.02    9150.00 
1986.03   11900.00 
1986.04   19700.00 
1986.05   23900.00 
1986.06   30000.00 
1986.07   47300.00 
1986.08   34000.00 
1986.09   29900.00 
1986.10   25200.00 
1986.11   18600.00 
1986.12   11600.00 
1987.01    9290.00 
1987.02    7600.00 
1987.03   10500.00 
1987.04   21000.00 
1987.05   25200.00 
1987.06   30400.00 
1987.07   48000.00 
1987.08   46200.00 
1987.09   41200.00 
1987.10   35500.00 
1987.11   27000.00 
1987.12   15200.00 
1988.01    9950.00 
1988.02   10300.00 
1988.03   19200.00 
1988.04   22600.00 
1988.05   27000.00 
1988.06   32600.00 
1988.07   34900.00 
1988.08   34500.00 
1988.09   57000.00 
1988.10   37600.00 
1988.11   19600.00 
1988.12   10300.00 
1989.01   11758.00 
1989.02   14025.00 
1989.03   18200.00 
1989.04   30467.00 
1989.05   38067.00 
1989.06   40160.00 
1989.07   54380.00 
1989.08   42825.00 
1989.09   42420.00 
1989.10   33425.00 
1989.11   27900.00 
1989.12   15225.00 
1990.01   12380.00 
1990.02   17283.00 
1990.03   23350.00 
1990.04   28160.00 
1990.05   31267.00 
1990.06   41914.00 
1990.07   53114.00 
1990.08   39667.00 
1990.09   31867.00 
1990.10   29260.00 
1990.11   24325.00 
1990.12   14780.00 
1991.01   13800.00 
1991.02   18800.00 
1991.03   20200.00 
1991.04   31000.00 
1991.05   33400.00 
1991.06   37700.00 
1991.07   54200.00 
1991.08   48600.00 
1991.09   39500.00 
1991.10   27900.00 
1991.11   16400.00 
1991.12   11200.00 
1992.01   10900.00 
1992.02   12100.00 
1992.03   23000.00 
1992.04   39500.00 
1992.05   39100.00 
1992.06   40700.00 
1992.07   59900.00 
1992.08   35300.00 
1992.09   23300.00 
1992.10   22200.00 
1992.11   13700.00 
1992.12    9260.00 
1993.01   10500.00 
1993.02    9630.00 
1993.03   16500.00 
1993.04   20400.00 
1993.05   29700.00 
1993.06   36800.00 
1993.07   56200.00 
1993.08   57100.00 
1993.09   53800.00 
1993.10   35200.00 
1993.11   26000.00 
1993.12   18200.00 
1994.01   11900.00 
1994.02   13300.00 
1994.03   16400.00 
1994.04   25200.00 
1994.05   32300.00 
1994.06   43400.00 
1994.07   44800.00 
1994.08   34600.00 
1994.09   30900.00 
1994.10   32100.00 
1994.11   19600.00 
1994.12   19100.00 
1995.01   16900.00 
1995.02   15900.00 
1995.03   19400.00 
1995.04   24300.00 
1995.05   34400.00 
1995.06   53500.00 
1995.07   66000.00 
1995.08   45000.00 
1995.09   34700.00 
1995.10   29700.00 
1995.11   19600.00 
1995.12   12100.00 
1996.01   10700.00 
1996.02   10700.00 
1996.03   11600.00 
1996.04   26100.00 
1996.05   25500.00 
1996.06   40700.00 
1996.07   63300.00 
1996.08   63500.00 
1996.09   42200.00 
1996.10   28300.00 
1996.11   23500.00 
1996.12   14100.00 
1997.01   10500.00 
1997.02   13800.00 
1997.03   14900.00 
1997.04   25900.00 
1997.05   29900.00 
1997.06   34100.00 
1997.07   52400.00 
1997.08   45800.00 
1997.09   29200.00 
1997.10   26900.00 
1997.11   18000.00 
1997.12   20600.00 
1998.01   24700.00 
1998.02   22500.00 
1998.03   32500.00 
1998.04   29300.00 
1998.05   32900.00 
1998.06   45700.00 
1998.07   75000.00 
1998.08   77100.00 
1998.09   63800.00 
1998.10   38000.00 
1998.11   19000.00 
1998.12   11300.00 
1999.01    9480.00 
1999.02    9110.00 
1999.03   10300.00 
1999.04   20300.00 
1999.05   34000.00 
1999.06   42000.00 
1999.07   73900.00 
1999.08   60100.00 
1999.09   56400.00 
1999.10   37100.00 
1999.11   24900.00 
1999.12   15400.00 
2000.01   12800.00 
2000.02   12300.00 
2000.03   19600.00 
2000.04   22300.00 
2000.05   22600.00 
2000.06   39000.00 
2000.07   50800.00 
2000.08   39500.00 
2000.09   42200.00 
2000.10   38700.00 
2000.11   32800.00 
2000.12   18600.00 
2001.01   15519.00 
2001.02   17207.00 
2001.03   15261.00 
2001.04   23060.00 
2001.05   34054.00 
2001.06   35666.00 
2001.07   39919.00 
2001.08   30396.00 
2001.09   36516.00 
2001.10   30403.00 
2001.11   21930.00 
2001.12   13512.00 
2002.01   10163.00 
2002.02   10687.00 
2002.03   18000.00 
2002.04   22596.00 
2002.05   49129.00 
2002.06   45260.00 
2002.07   54445.00 
2002.08   53651.00 
2002.09   44293.00 
2002.10   23958.00 
2002.11   24703.00 
2002.12   19158.00 
2003.01   17500.00 
2003.02   17221.00 
2003.03   23070.00 
2003.04   25090.00 
2003.05   38229.00 
2003.06   37090.00 
2003.07   55109.00 
2003.08   38112.00 
2003.09   40156.00 
2003.10   31977.00 
2003.11   15756.00 
2003.12   11438.00 
2004.01   10305.00 
2004.02    9253.00 
2004.03   13959.00 
2004.04   18406.00 
2004.05   30096.00 
2004.06   35286.00 
2004.07   42245.00 
2004.08   40290.00 
2004.09   38296.00 
2004.10   29283.00 
2004.11   18263.00 
2004.12   13493.00 
2005.01   11824.00 
2005.02   19471.00 
2005.03   19361.00 
2005.04   19527.00 
2005.05   30313.00 
2005.06   46350.00 
2005.07   40106.00 
2005.08   41000.00 
2005.09   48240.00 
2005.10   31414.00 
2005.11   23785.00 
2005.12   14007.00 
2006.01   11449.00 
2006.02   11637.00 
2006.03   21160.00 
2006.04   23882.00 
2006.05   30690.00 
2006.06   38534.00 
2006.07   37277.00 
2006.08   27429.00 
2006.09   25038.00 
2006.10   18606.00 
2006.11   13642.00 
2006.12   13929.00 
2007.01   10487.00 
2007.02   11679.00 
2007.03   17794.00 
2007.04   17194.00 
2007.05   20392.00 
2007.06   31207.00 
2007.07   42982.00 
2007.08   47829.00 
2007.09   40920.00 
2007.10   26094.00 
2007.11   15213.00 
2007.12   11103.00 
2008.01   10778.00 
2008.02   11962.00 
2008.03   12516.00 
2008.04   24277.00 
2008.05   24990.00 
2008.06   33730.00 
2008.07   37077.00 
2008.08   39997.00 
2008.09   43870.00 
2008.10   27516.00 
2008.11   29350.00 
2008.12   17394.00 
2009.01   11855.00 
2009.02   11829.00 
2009.03   23742.00 
2009.04   22817.00 
2009.05   32297.00 
2009.06   35967.00 
2009.07   40142.00 
2009.08   42442.00 
2009.09   32510.00 
2009.10   17560.00 
2009.11   13923.00 
2009.12   12590.00 
2010.01   12054.00 
2010.02   15457.00 
2010.03   20474.00 
2010.04   30330.00 
2010.05   39929.00 
2010.06   50230.00 
2010.07   61270.00 
2010.08   51264.00 
2010.09   41953.00 
2010.10   30819.00 
2010.11   18040.00 
2010.12   15100.00 
2011.01   15456.00
2011.02   13984.00
2011.03   14502.00
2011.04   16000.00
2011.05   16531.00
2011.06   33657.00
2011.07   37023.00
2011.08   30063.00
2011.09   23118.00
2011.10   20748.00
2011.11   18962.00
2011.12   13984.00
2012.01   11600	
2012.02   14900	
2012.03   16100	
2012.04   20200
2012.05   38800	
2012.06   47600
2012.07   49000
2012.08   57600
2012.09   41000
2012.10   27900
2012.11   19400
2012.12   20700
2013.01   12193.4
2013.02   13640.3
2013.03   18533.7
2013.04   22717.9
2013.05   33011.9
2013.06   38932  
2013.07   45057.2
2013.08   41241  
2013.09   39179.2
2013.10   26763  
2013.11   19460.5
2013.12   14172.4
